2
10 1.0e+9 -1 1
20 100.0   9 0
 0.0  0.0  0.0
 0.0
3
15.0  2.0  0.0  0.0 
30.0  5.0  0.0  0.0 
300.0 300.0  0.0  0.0 
16
-7.500  -7.500  -0.000
1  
1.000 1.000 
-2.500  -7.500  -0.000
1  
1.000 1.000 
2.500  -7.500  -0.000
1  
1.000 1.000 
7.500  -7.500  -0.000
1  
1.000 1.000 
-7.500  -2.500  -0.000
1  
1.000 1.000 
-2.500  -2.500  -0.000
1  
1.000 1.000 
2.500  -2.500  -0.000
1  
1.000 1.000 
7.500  -2.500  -0.000
1  
1.000 1.000 
-7.500  2.500  -0.000
1  
1.000 1.000 
-2.500  2.500  -0.000
1  
1.000 1.000 
2.500  2.500  -0.000
1  
1.000 1.000 
7.500  2.500  -0.000
1  
1.000 1.000 
-7.500  7.500  -0.000
1  
1.000 1.000 
-2.500  7.500  -0.000
1  
1.000 1.000 
2.500  7.500  -0.000
1  
1.000 1.000 
7.500  7.500  -0.000
1  
1.000 1.000 
