EP001	590.363	6129.732	0.11288
EP002	555.671	6142.851	0.0488525
EP003	750.058	6126.953	0.0285201
EP004	691.068	6123.137	0.0329036
EP005	769.864	6035.732	0.14643
EP006	676.871	6042.928	0.224052
EP007	737.625	6024.434	0.00645
EP008	728.271	6054.912	0.017315
EP009	665.698	6021.114	0.0891512
FR03	915.298	6597.551	0.100553
FR04	823.463	6577.952	0.217108
FR05	852.062	6548.8	0.571582
FR06	917.899	6540.605	0.0615249
FR07	849.798	6507.978	0.534
FR08	886.619	6520.076	0.189905
FR09	956.359	6512.886	0.0648875
FR10	814.666	6481.475	0.184817
FR11	855.018	6479.103	0.549473
FR12	915.593	6478.657	0.112679
FR13	794.183	6428.019	0.210646
FR14	841.391	6427.377	0.525157
FR15	899.443	6433.069	0.20538900000000002
FR16	937.431	6420.545	0.323309
FR17	1007.37	6418.664	0.282277
FR18	778.941	6378.428	0.23462
FR19	835.984	6369.601	0.486367
FR20	899.495	6369.016	0.38437
FR21	947.078	6367.973	0.247557
FR22	987.826	6366.609	0.243341
FR23	832.095	6328.728	0.501492
FR24	934.363	6319.974	0.170212
FR25	977.586	6318.842	0.115601
FR27	864.475	6294.346	0.635679
FR28	864.672	6257.337	0.4758
FR29	938.984	6249.856	0.0473414
NF22	800.982	6571.851	0.0918313
NF23	978.14	6557.864	0.005
NF24	1025.774	6560.912	0.0611592
NF27	791.977	6507.862	0.0455409
NF28	975.128	6504.175	0.08592430000000001
NF38	1008.103	6275.116	0.07132129999999999
NF41	869.529	6230.716	0.488662
NF42	917.895	6227.436	0.0756635
NF43	960.741	6224.476	0.030697600000000002
NF44	1008.24	6223.611	0.047291200000000005
SA001	985.013	5783.293	0.0144675
SA002	985.683	5836.62	0.0461261
SA004	990.0	5889.856	0.042642400000000004
SA005	945.137	5892.419	0.00622434
SA006	994.229	5948.185	0.08788649999999999
SA007	941.723	5942.495	0.0076045800000000005
SA008	994.797	6004.746	0.06642709999999999
SA010	911.751	6006.987	0.0145226
SA011	1007.631	6058.681	0.107889
SA012	952.701	6061.277	0.0235338
SA013	906.98	6062.444	0.0068109
SA014	863.164	6064.651	0.0055475
SA015	818.753	6065.796	0.0877938
SA016	1000.922	6109.223	0.08130509999999999
SA017	956.417	6115.014	0.07330500000000001
SA018	908.212	6118.821	0.0754105
SA019	865.596	6119.108	0.265396
SA020	1002.813	6168.2	0.0494973
SA021	955.618	6172.748	0.062386699999999996
SA022	915.679	6174.942	0.0833416
SA023	866.358	6174.64	0.284737
SA024	822.326	6177.549	0.030429400000000002
SA025	823.587	6232.28	0.19002699999999997
SA087	404.965	6509.625	0.11353
SA089	410.077	6570.052	0.142112
SA090	452.287	6504.432	0.201867
SA091	452.672	6460.273	0.0928969
SA092	464.027	6570.459	0.142929
SA097	500.05	6460.415	0.20359100000000002
SA098	497.548	6570.687	0.166127
SA099	504.578	6512.079	0.1336
SA101	545.747	6404.202	0.273011
SA103	538.65	6515.859	0.15199600000000002
SA104A	546.465	6577.111	0.137576
SA105	550.316	6470.699	0.17118
SA109	589.508	6463.517	0.145317
SA113	622.371	6521.024	0.13730199999999998
SA114	626.872	6580.45	0.148697
SA116	638.177	6458.849	0.12493699999999999
SA120	650.959	6415.955	0.147437
SA123	692.658	6460.743	0.110271
SA136	500.991	6349.078	0.08149630000000001
SA137	685.846	6349.348	0.214672
SA138	497.62	6400.366	0.106901
SA160	778.436	6289.527	0.0164389
SA162	747.741	6178.245	0.126389
SA163	500.121	6294.391	0.0265077
SA164	544.854	6291.777	0.056141399999999994
SA165	594.09	6292.113	0.10639900000000001
SA166	637.876	6292.062	0.30079500000000003
SA167	685.847	6292.828	0.06534269999999999
SA168	547.08	6238.922	0.0552592
SA170	638.023	6238.316	0.005
SA171	546.925	6181.163	0.0202575
SA172	589.731	6183.139	0.018072500000000002
SA173	545.143	6348.631	0.17315899999999998
SA174	593.529	6348.482	0.18457099999999999
SA175	638.743	6347.878	0.23442500000000002
SA201	775.403	6360.429	0.00936
SA203	721.806	6334.172	0.0754741
SA204	716.16	6409.476	0.127897
SA400	405.335	6406.988	0.005
SA401	452.317	6403.366	0.045560699999999996
SA402	453.241	6353.239	0.0224761
