3
10 1.0e+9 -1 1
20 0.250  -1 1
30 20.0   9 0
 0.0  0.0 -6.7
 0.0
2
100.0  5.0  0.0  0.0 
500.0 50.0  0.0  0.0 
15
60.000  -20.000  5.061
2  
2.000 1.000 
20.000 10.000 
30.000  -20.000  7.379
2  
2.000 1.000 
20.000 10.000 
0.000  -20.000  9.262
2  
2.000 1.000 
20.000 10.000 
-30.000  -20.000  6.610
2  
2.000 1.000 
20.000 10.000 
-60.000  -20.000  4.947
2  
2.000 1.000 
20.000 10.000 
60.000  0.000  5.715
2  
2.000 1.000 
20.000 10.000 
30.000  0.000  7.412
2  
2.000 1.000 
20.000 10.000 
0.000  0.000  9.492
2  
2.000 1.000 
20.000 10.000 
-30.000  0.000  6.372
2  
2.000 1.000 
20.000 10.000 
-60.000  0.000  4.982
2  
2.000 1.000 
20.000 10.000 
60.000  20.000  3.265
2  
2.000 1.000 
20.000 10.000 
30.000  20.000  8.740
2  
2.000 1.000 
20.000 10.000 
0.000  20.000  9.023
2  
2.000 1.000 
20.000 10.000 
-30.000  20.000  6.462
2  
2.000 1.000 
20.000 10.000 
-60.000  20.000  5.039
2  
2.000 1.000 
20.000 10.000 
